Multiple size <= 100
TEST 1 ARG:86 85 18 53 64 71 97 38 28 62 66 65 55 77 84 45 5 32 54 24 91 92 0 20 36 96 75 73 12 37 10 81 46 40 82 57 52 68 95 4 87 61 8 63 31 79 50 19 58 94 78 9 3 98 25 14 89 11 90 16 13 99 49 30 39 59 34 43 48 2 47 80 72 15 21 33 7 74 35 83 26 41 60 67 27 17 6 29 56 70 42 69 23 88 1 51 93 22 76 44
TEST 2 ARG:55 40 45 16 86 80 20 37 23 75 21 67 18 90 0 82 47 6 73 74 13 53 31 79 88 57 68 99 84 93 43 49 1 81 28 97 76 14 92 70 48 22 61 98 32 15 72 42 19 3 4 39 56 64 17 41 87 7 94 34 10 54 96 50 38 69 51 85 60 11 71 77 5 46 65 83 36 2 27 66 12 9 58 24 78 62 91 29 52 89 8 30 59 25 33 95 35 44 26 63
TEST 3 ARG:52 5 71 85 47 90 0 74 76 3 95 41 43 89 10 13 81 21 11 92 23 19 33 46 31 79 16 51 99 20 4 56 9 80 59 2 27 77 73 36 8 40 64 25 55 48 72 45 93 78 58 26 57 66 35 12 87 34 7 6 54 86 39 29 69 18 98 83 82 38 88 60 62 75 65 28 37 68 14 63 97 61 15 30 53 70 50 91 94 67 22 32 17 1 49 84 96 42 24 44
TEST 4 ARG:96 25 63 72 23 89 38 76 47 36 48 55 93 82 34 1 26 17 68 90 22 46 65 97 11 19 12 32 4 59 74 84 60 28 69 41 57 10 66 40 50 83 81 71 20 78 67 45 70 99 27 42 75 21 9 35 98 58 49 80 56 16 14 7 95 37 44 94 51 61 91 0 54 2 33 92 87 13 43 3 86 53 31 64 15 5 88 73 85 29 77 39 8 52 24 79 18 6 62 30
TEST 5 ARG:61 29 79 21 52 60 90 32 31 33 38 24 10 64 59 41 5 26 70 13 12 77 93 99 78 66 98 68 86 88 94 18 36 1 23 95 47 76 35 48 53 75 56 84 71 40 45 7 97 27 51 80 11 19 74 57 25 34 37 63 46 58 20 6 39 72 87 89 3 0 17 44 42 28 85 2 9 81 43 54 22 15 83 65 55 91 30 92 69 62 16 67 4 49 82 50 96 73 8 14
TEST 6 ARG:28 44 79 96 59 81 25 97 55 37 53 38 76 92 8 16 29 18 70 43 66 1 20 54 41 62 73 27 64 57 83 13 58 46 74 90 48 21 72 84 91 93 61 95 56 82 87 65 35 63 5 39 52 85 17 78 9 36 15 60 3 71 68 99 94 49 75 80 14 89 6 22 2 33 45 10 40 24 12 51 88 77 42 47 19 67 31 11 34 69 50 98 30 7 32 26 4 86 23 0
TEST 7 ARG:50 81 77 98 64 88 74 85 44 5 9 15 89 45 72 23 95 66 70 53 19 96 28 48 73 83 10 62 34 36 13 61 94 31 86 18 58 22 56 59 2 21 54 63 4 99 60 55 38 14 12 79 1 8 40 97 65 76 37 69 16 7 20 49 67 75 30 80 17 33 32 78 42 82 35 29 84 11 6 43 46 57 93 41 91 24 47 51 0 92 26 90 87 25 27 68 3 39 71 52
TEST 8 ARG:51 32 17 31 59 37 41 22 74 68 62 70 6 7 95 65 30 29 61 67 58 8 91 89 80 98 56 81 71 90 99 84 25 63 85 40 34 97 53 45 48 92 73 93 3 21 0 57 66 72 27 36 50 39 9 4 26 60 2 75 24 10 11 64 82 16 46 35 33 1 83 76 12 13 15 28 54 88 47 20 43 96 38 55 77 5 49 87 19 86 18 79 14 94 78 42 23 52 44 69
TEST 9 ARG:93 79 44 28 39 15 92 5 37 97 51 31 45 88 35 16 29 32 99 7 95 54 87 40 38 13 9 89 59 96 71 49 63 3 17 81 73 48 20 6 67 80 70 85 42 11 58 41 18 98 75 66 46 2 0 36 62 65 19 83 22 82 34 52 90 30 53 64 33 1 4 74 47 94 72 50 14 10 8 86 61 76 24 12 27 77 68 69 60 26 25 84 56 21 23 57 91 43 55 78
TEST 10 ARG:41 74 52 2 79 39 7 3 1 93 25 5 65 26 42 73 80 92 43 32 68 81 12 28 18 17 35 94 57 31 33 23 75 90 89 40 45 50 14 96 13 69 66 56 6 19 8 20 71 51 61 84 55 98 72 63 67 54 64 37 60 15 86 62 34 11 4 38 46 22 70 95 44 29 82 0 16 59 53 91 97 78 24 27 48 21 85 47 10 77 76 83 36 88 99 49 30 9 87 58
TEST 11 ARG:81 29 58 47 45 9 23 59 24 83 73 31 78 90 6 7 91 46 97 77 28 12 71 43 39 0 10 72 41 14 19 36 86 27 85 66 84 88 68 76 8 63 13 26 2 3 65 51 92 25 44 16 48 4 30 53 40 33 87 93 34 56 96 82 22 79 89 11 49 21 70 50 42 64 52 74 37 38 75 98 32 18 54 20 1 57 94 61 15 35 67 99 17 60 69 80 55 5 62 95
TEST 12 ARG:23 90 91 48 17 54 78 83 47 10 95 6 60 97 11 59 92 46 72 82 18 32 51 5 34 41 40 38 71 73 52 8 75 53 74 68 29 7 27 93 25 28 88 58 86 66 87 36 55 21 12 42 64 20 37 98 96 3 19 45 69 57 35 43 26 81 56 16 62 80 1 30 67 14 44 50 24 61 9 31 70 4 94 84 49 79 2 65 99 15 76 39 0 22 77 13 63 89 85 33
TEST 13 ARG:59 82 30 18 84 12 60 10 33 66 72 51 83 50 94 68 7 75 21 6 85 61 95 56 69 1 90 20 53 87 2 13 91 70 80 98 65 52 67 47 81 45 43 11 74 31 41 48 55 22 8 0 32 71 27 37 86 17 38 57 44 40 24 36 3 28 78 58 46 39 35 29 77 19 5 23 64 4 15 97 96 16 26 63 89 9 54 88 34 14 25 99 79 92 49 76 93 62 73 42
TEST 14 ARG:64 32 41 33 43 77 51 21 94 84 50 5 75 0 88 47 83 63 49 25 70 35 92 27 95 80 12 46 78 57 13 34 93 52 60 8 45 72 56 53 76 17 22 81 42 90 87 11 65 79 40 89 67 20 16 4 23 29 38 14 71 86 97 44 7 26 15 9 31 30 18 55 1 10 96 28 3 54 73 6 98 2 19 59 85 69 91 36 24 82 37 74 61 68 58 39 99 62 48 66
TEST 15 ARG:48 84 9 97 27 58 52 95 51 43 66 69 1 85 68 38 57 28 22 47 29 91 0 71 83 44 78 11 35 62 50 7 41 98 60 53 64 89 8 55 75 34 93 92 26 76 72 21 59 63 19 15 16 73 23 99 33 20 24 86 12 77 4 94 49 61 10 42 3 87 67 74 17 31 13 46 32 80 65 2 6 88 36 90 45 37 54 96 30 39 79 70 82 56 5 18 40 14 81 25
TEST 16 ARG:26 43 1 48 10 56 15 72 61 66 47 29 91 71 16 90 11 33 73 28 50 21 32 41 6 85 54 58 74 78 64 34 23 77 59 75 18 49 87 51 37 36 38 69 93 9 92 20 99 25 42 13 76 86 30 82 24 70 89 4 81 8 52 79 95 63 88 39 35 22 17 3 98 57 7 40 84 68 0 96 31 65 5 53 62 67 27 44 2 94 12 60 14 97 46 19 83 45 55 80
TEST 17 ARG:0 61 35 60 96 15 30 92 93 51 69 95 50 44 67 6 4 82 14 89 20 33 10 2 47 79 8 18 74 32 27 68 64 26 73 9 19 83 38 55 87 57 53 71 56 29 70 1 59 43 16 42 45 99 98 3 39 23 78 46 17 31 77 75 37 7 24 80 62 41 48 28 12 58 36 88 85 81 63 86 66 34 25 84 65 49 90 21 13 97 22 40 91 52 94 54 11 72 76 5
TEST 18 ARG:83 99 9 50 43 63 0 72 24 91 10 19 45 41 59 84 32 75 85 16 25 51 61 52 65 88 21 56 8 54 12 11 35 37 39 55 13 57 30 48 80 18 4 74 82 1 34 33 22 42 93 62 98 77 60 67 38 69 28 76 27 31 64 6 40 90 89 94 87 86 3 78 97 70 95 53 66 26 29 20 81 17 73 49 47 7 96 58 15 44 5 46 2 36 92 79 23 14 68 71
TEST 19 ARG:54 93 9 68 73 61 21 90 5 14 42 39 87 17 34 15 83 53 60 27 6 4 86 76 99 91 51 81 59 48 56 67 84 58 24 96 20 28 3 72 47 98 43 71 75 40 29 31 62 0 46 64 44 1 55 85 95 69 8 65 63 70 25 35 10 26 23 38 36 32 57 80 33 45 94 41 52 82 89 88 16 74 37 19 12 7 30 49 79 18 92 22 2 50 97 66 77 13 11 78
TEST 20 ARG:79 2 53 19 48 99 73 81 27 16 14 24 67 25 65 32 90 42 89 54 21 26 94 85 9 76 12 78 55 36 70 17 39 30 33 84 66 96 38 83 72 3 60 95 92 56 91 46 4 37 87 98 86 7 93 51 34 15 29 97 74 23 35 6 11 31 28 58 62 49 88 82 61 20 43 57 41 59 75 22 50 1 77 47 44 80 0 69 10 68 64 45 71 52 63 18 13 40 5 8
TEST 21 ARG:51 65 21 83 9 92 3 57 73 36 24 94 1 59 8 72 40 4 39 13 64 88 79 93 16 77 14 95 28 70 48 67 15 81 7 82 63 84 89 0 20 22 69 50 42 74 41 27 31 53 80 86 10 87 43 6 61 85 44 78 90 29 58 49 37 5 55 30 11 2 71 75 23 47 33 98 38 34 46 19 76 99 25 91 45 96 66 52 60 35 97 18 54 32 56 68 17 62 26 12
TEST 22 ARG:48 24 73 58 34 87 56 35 5 38 16 30 1 97 10 11 86 49 75 22 19 76 69 46 71 82 67 4 27 70 47 80 91 32 63 18 94 61 95 25 51 88 53 12 64 62 8 15 98 60 50 23 31 43 89 9 84 81 59 3 20 66 74 26 14 44 13 6 2 17 99 78 65 57 37 36 42 28 41 79 45 39 85 29 40 77 93 68 33 55 92 54 83 96 0 52 72 7 21 90
TEST 23 ARG:77 2 13 32 15 62 37 52 79 70 12 67 48 99 97 90 5 33 1 55 56 72 20 6 89 91 18 60 38 29 86 17 81 53 9 39 0 27 44 26 93 47 23 78 95 22 58 7 30 94 49 46 25 82 65 57 10 11 98 68 50 66 34 54 73 74 3 69 36 24 42 85 31 51 8 4 35 64 83 71 75 28 63 43 87 19 16 21 76 45 41 80 61 14 96 59 88 84 40 92
TEST 24 ARG:52 61 17 0 89 57 86 12 82 44 78 94 95 71 76 31 33 73 5 58 98 11 36 20 21 59 47 26 62 77 7 50 70 72 10 45 18 14 1 92 43 67 9 8 24 88 64 40 81 39 51 46 65 90 41 74 60 80 2 96 87 6 30 48 69 23 99 3 84 29 42 53 83 97 15 63 37 75 54 19 28 4 93 66 49 27 22 25 56 16 85 91 38 68 55 32 35 13 34 79
TEST 25 ARG:87 59 49 60 13 23 80 29 85 14 18 93 54 12 56 40 15 39 64 24 92 48 35 22 1 79 53 20 96 30 88 94 47 44 19 7 33 65 69 84 61 75 26 91 51 68 55 72 16 73 76 34 90 99 77 42 43 58 89 6 82 36 37 62 67 52 95 2 71 25 97 41 31 10 8 45 63 78 70 66 81 9 11 4 0 50 17 3 86 74 57 46 27 21 83 5 32 38 98 28
TEST 26 ARG:2 25 86 69 57 22 8 61 58 42 83 65 94 47 48 20 30 59 0 68 70 77 97 78 15 66 79 40 35 51 84 49 92 5 76 89 29 56 67 39 6 27 11 60 95 80 16 75 82 32 87 36 50 9 43 4 3 13 14 90 7 45 63 12 64 23 38 91 19 74 37 52 81 73 21 17 54 24 85 93 96 88 28 99 10 98 31 33 53 46 41 34 44 26 55 72 71 62 1 18
TEST 27 ARG:36 22 14 5 65 95 91 26 98 9 82 24 21 31 66 18 89 81 27 15 96 63 41 54 56 52 90 59 53 61 28 33 77 1 92 75 57 45 70 19 29 58 46 50 60 34 78 8 71 62 69 80 23 7 49 17 83 68 64 72 37 51 44 2 87 40 11 86 4 84 43 42 35 30 99 0 3 32 13 94 85 88 48 12 47 67 20 6 55 10 73 16 25 97 79 93 38 76 74 39
TEST 28 ARG:72 89 95 99 30 26 71 18 16 35 73 22 5 50 85 29 4 59 96 76 42 53 79 13 9 23 41 90 46 51 63 45 60 65 74 0 70 80 1 21 67 81 48 97 83 62 15 8 94 7 14 40 34 82 91 12 20 3 64 68 2 10 43 44 77 39 38 61 28 54 19 92 27 33 98 84 66 31 24 93 78 25 37 86 49 56 47 75 36 57 58 87 55 88 11 17 69 6 32 52
TEST 29 ARG:2 4 37 57 7 14 43 62 72 81 34 56 6 46 73 69 23 26 87 17 71 67 32 85 19 42 65 76 93 90 16 0 68 98 49 31 58 97 30 74 51 94 75 61 70 77 44 9 88 92 20 13 24 60 3 95 11 22 59 36 64 54 50 48 40 27 45 41 78 1 99 38 15 28 66 80 63 47 35 33 29 89 5 39 18 55 84 53 8 86 82 25 12 91 21 52 10 96 79 83
TEST 30 ARG:2 98 67 26 7 42 46 21 54 72 62 29 85 51 94 45 89 86 11 77 95 96 84 81 88 87 37 58 41 39 92 52 31 49 34 56 61 35 48 93 82 13 19 47 0 32 71 50 65 53 44 80 20 43 25 73 83 15 3 78 75 63 8 99 9 36 90 33 1 16 28 22 60 30 97 12 70 23 76 27 69 24 55 10 59 91 38 40 14 6 64 17 18 66 74 5 4 79 57 68
TEST 31 ARG:46 63 50 64 25 11 26 19 94 36 93 58 40 68 22 30 35 87 76 69 61 51 7 42 41 97 28 80 57 1 59 2 44 34 92 8 83 77 9 5 84 55 62 14 89 23 71 95 49 72 88 52 0 31 16 91 29 70 73 98 13 66 79 12 65 54 99 48 33 32 78 15 90 21 82 67 74 81 6 17 43 85 4 47 37 39 60 27 56 20 75 24 10 86 96 18 38 45 53 3
TEST 32 ARG:66 37 40 10 15 81 90 44 30 43 70 38 6 97 98 7 88 29 56 25 99 4 17 1 61 16 55 9 51 84 62 89 94 19 47 58 93 63 33 79 14 48 74 36 0 5 45 75 54 83 69 59 60 46 80 32 76 96 86 92 71 42 39 20 22 11 13 64 34 35 24 78 95 53 57 50 23 21 26 31 2 65 27 77 91 8 87 18 49 28 52 82 3 12 41 72 73 68 85 67
TEST 33 ARG:54 63 44 88 79 29 90 69 96 52 25 99 35 1 42 9 70 73 4 60 39 7 81 75 30 53 26 31 50 74 87 10 59 32 80 77 43 71 23 76 28 61 0 11 93 21 92 62 97 41 8 51 78 55 56 57 27 68 14 98 16 17 2 72 5 40 94 22 64 12 46 20 15 48 13 37 65 33 47 84 82 91 19 85 24 49 58 38 66 6 18 34 3 89 83 95 45 86 36 67
TEST 34 ARG:75 19 13 66 3 24 21 79 1 76 34 55 74 17 20 92 25 42 35 23 80 56 84 37 33 99 4 16 77 39 83 6 95 85 10 81 73 68 7 63 52 70 48 0 11 30 49 90 5 97 18 64 38 15 32 50 65 62 69 46 9 98 8 91 31 27 36 43 94 47 54 45 41 14 78 67 51 58 40 53 89 2 44 72 93 12 28 29 82 22 61 87 71 59 57 88 86 60 96 26
TEST 35 ARG:20 80 95 57 83 28 49 61 60 94 89 25 64 62 32 53 93 33 29 47 54 12 38 91 81 85 4 72 56 2 59 7 26 73 23 9 82 90 11 78 69 84 36 46 87 52 76 50 30 58 5 10 67 31 41 51 0 15 1 68 99 75 21 77 17 22 70 43 8 16 42 92 3 74 13 27 6 37 19 66 98 35 86 97 55 18 88 65 63 71 79 44 96 48 39 45 40 14 24 34
TEST 36 ARG:72 71 17 5 25 81 27 4 87 3 97 1 56 52 23 82 22 67 38 85 78 99 48 42 32 8 14 89 73 84 26 19 93 10 75 62 24 11 41 68 46 18 88 36 28 77 54 83 70 63 95 65 47 16 15 57 86 55 79 69 20 13 31 33 37 49 59 6 2 12 40 21 80 98 92 29 45 96 7 58 91 76 0 43 9 30 64 39 94 60 44 50 66 74 90 34 61 53 35 51
